[5e8ee27e0476f758df6c1abb-large.jpg]
filters=PencilSketch=1,4.350877,99.415207,0.000000;
moddate=081f8eba16c7d601
width=600
height=600
textactive=0
